401
402
405
406
407
434
461
463
464
472
483
536
538
550
552
591
637
639
643
652
656
665
669
678
682
701
702
703
711
712
723
724
734
735
739
741
742
779
780
785
787
788
789
804
817
834
846
911
912
913
921
922
932
944
955
958
961
962
963
968
970
982
986
996
1007
1013
1021
1034
1037
1038
1039
1042
1051
1059
1061
1078
1082
1083
1092
1093
1096
1102
1106
1107
1143
1146
1147
1148
1152
1159
1161
1175
1178
1179
1185
1186
1200
1202
1215
1279
1284
1286
1287
1302
1304
1305
1326
1328
1336
1340
1357
1360
1362
1363
1368
1369
1371
1384
1385
1386
1397
1614
1616
1617
1622
1660
1662
1679
